// Monsters Additional Database
//
// Structure of Database :
// ID,Sprite_Name,kROName,iROName,LV,HP,SP,EXP,JEXP,Range1,ATK1,ATK2,DEF,MDEF,STR,AGI,VIT,INT,DEX,LUK,Range2,Range3,Scale,Race,Element,Mode,Speed,aDelay,aMotion,dMotion,MEXP,ExpPer,MVP1id,MVP1per,MVP2id,MVP2per,MVP3id,MVP3per,Drop1id,Drop1per,Drop2id,Drop2per,Drop3id,Drop3per,Drop4id,Drop4per,Drop5id,Drop5per,Drop6id,Drop6per,Drop7id,Drop7per,Drop8id,Drop8per,Drop9id,Drop9per,DropCardid,DropCardper

// Easter Event Monsters
//1920,EASTER_EGG,Easter Egg,Easter Egg,3,300,0,4,4,0,1,2,20,20,1,1,1,1,1,20,10,12,0,0,60,128,1000,1001,1,1,0,0,0,0,0,0,0,0,1010,250,935,500,558,300,501,200,501,200,713,800,558,300,558,300,0,0,0,0
//1921,EASTER_BUNNY,Easter Bunny,Easter Bunny,6,1800,0,60,55,1,20,26,0,40,1,36,6,1,11,80,10,10,0,2,60,181,200,1456,456,336,0,0,0,0,0,0,0,0,2250,200,515,8000,727,1200,746,1500,706,30,622,50,534,5000,0,0,0,0,4006,70

// eAthena Dev Team
//1900,VALARIS,Valaris,Valaris,99,668000,0,107250,37895,2,3220,4040,35,45,1,152,96,85,120,95,10,10,2,6,67,1973,100,1068,768,576,13000,5000,608,1000,750,400,923,3800,1466,200,2256,200,2607,800,714,500,617,3000,984,4300,985,5600,0,0,0,0,4147,1
//1901,VALARIS_WORSHIPPER,Valaris's Worshipper,Valaris's Worshipper,50,8578,0,2706,1480,1,487,590,15,25,1,75,55,1,93,45,10,12,0,6,27,1685,100,868,480,120,0,0,0,0,0,0,0,0,923,500,984,63,1464,2,607,50,610,100,503,300,2405,50,0,0,0,0,4129,1
//1902,MC_CAMERI,MC Cameri,MC Cameri,99,668000,0,107250,37895,2,3220,4040,35,45,1,152,96,85,120,95,10,10,2,6,67,1973,100,1068,768,576,13000,5000,608,1000,750,400,923,3800,1466,200,2256,200,2607,800,714,500,617,3000,984,4300,985,5600,0,0,0,0,4147,1
//1903,POKI,Poki#3,Poki#3,99,1349000,0,4093000,1526000,9,4892,9113,22,35,1,180,39,67,193,130,10,12,1,7,64,1973,120,500,672,480,92100,7000,603,5500,617,3000,1723,1000,1228,100,1236,500,617,2500,1234,75,1237,125,1722,250,1724,100,1720,50,0,0,0,0
//1904,SENTRY,Sentry,Sentry,99,668000,0,107250,37895,2,3220,4040,35,45,1,152,96,85,120,95,10,10,2,6,67,1973,100,1068,768,576,13000,5000,608,1000,750,400,923,3800,1466,200,2256,200,2607,800,714,500,617,3000,984,4300,985,5600,0,0,0,0,4147,1

//Custom Hollow Poring (overrrides/collides with META_ANDRE)
//1237,HOLLOW_PORING,Hollow Poring,Hollow Poring,1,50,0,2,1,1,7,10,0,5,1,1,1,0,6,30,10,12,1,3,21,0x83,400,1872,672,480,0,0,0,0,0,0,0,0,909,7000,1202,100,938,400,512,1000,713,1500,512,150,619,20,0,0,0,0,4001,10
//Custom Fire Poring. Warning, Colides with META_DENIRO
//1239,FIRE_PORING,Fire Poring,Fire Poring,1,50,0,2,1,1,7,10,0,5,1,1,1,1,6,30,10,12,1,3,21,131,400,1872,672,480,0,0,0,0,0,0,0,0,909,7000,1202,100,938,400,512,1000,713,1500,741,5,619,20,0,0,0,0,4001,20

//Lunar New Year 2008 Event Monster overrides
//Uncomment if event is enabled, as these drops modifications are nessecary.
//1145,MARTIN,Martin,Martin,18,1109,0,134,86,1,52,63,0,5,12,18,30,15,15,5,10,12,0,2,42,0x81,300,1480,480,480,0,0,0,0,0,0,0,0,1017,9000,1018,500,1251,10,2225,5,5009,1,10010,10,2224,15,7869,1500,0,0,4046,1
//1175,TAROU,Tarou,Tarou,11,284,0,57,28,1,34,45,0,0,1,20,11,10,24,5,10,12,0,2,27,0x91,150,1744,1044,684,0,0,0,0,0,0,0,0,1016,9000,919,3000,949,800,528,1000,701,2,7869,2500,0,0,0,0,0,0,4028,1
//1209,CRAMP,Cramp,Cramp,56,4720,0,2300,1513,1,395,465,0,5,1,85,35,5,65,60,10,12,0,2,45,0x3095,100,1000,500,1000,0,0,0,0,0,0,0,0,7007,4656,528,1000,726,80,746,110,568,250,510,70,984,95,7869,1500,0,0,4296,1

//iRO St. Patricks Day 2008 Event Monster overrides
//Uncomment if event is enabled, as these drops modifications are nessecary.
//1841,G_SNAKE_,Snake Lord's Minon,Snake Lord's Minon,15,471,0,72,48,1,46,55,0,0,1,15,15,10,35,5,10,12,1,2,22,0x81,200,1576,576,576,0,0,0,0,0,0,0,0,7915,1000,7916,100,7720,30,12715,7,0,0,0,0,0,0,0,0,0,0,0,0
//1842,G_ANACONDAQ_,Snake Lord's Minon,Snake Lord's Minon,23,1109,0,300,149,1,124,157,0,0,1,23,28,10,36,5,10,12,1,2,25,0x91,200,1576,576,576,0,0,0,0,0,0,0,0,7915,1000,7916,100,7720,30,12715,7,0,0,0,0,0,0,0,0,0,0,0,0
//1843,SIDE_WINDER_,Snake Lord's Minon,Snake Lord's Minon,43,4929,0,1996,993,1,240,320,5,10,38,43,40,15,115,20,10,12,1,2,25,0x3095,200,1576,576,576,0,0,0,0,0,0,0,0,7915,1000,7916,100,7720,30,12715,7,0,0,0,0,0,0,0,0,0,0,0,0
//1844,G_ISIS_,Snake Lord's Minon,Snake Lord's Minon,47,7003,0,3709,1550,1,423,507,10,35,38,65,43,50,66,15,10,12,2,6,27,0x3195,200,1384,768,336,0,0,0,0,0,0,0,0,7915,1000,7916,100,7720,30,12715,8,0,0,0,0,0,0,0,0,0,0,0,0

//iRO Christmas 2008 Event
//Uncomment if event is enabled, as these drops modifications are nessecary.
//1244,JAKK_XMAS,Christmas Jakk,Christmas Jakk,38,3581,0,1113,688,1,315,382,5,30,1,38,38,43,75,45,10,12,1,0,43,0x81,200,1180,480,648,0,0,0,0,0,0,0,0,529,1000,530,1000,14546,1000,14550,1000,7174,1000,7175,1000,6092,1000,12355,1250,0,0,0,0
//1245,GOBLINE_XMAS,Christmas Goblin,Christmas Goblin,25,1176,0,282,171,1,118,140,10,5,1,53,25,20,38,45,10,12,1,7,24,0x81,100,1120,620,240,0,0,0,0,0,0,0,0,529,1000,530,1000,14546,1000,14550,1000,7174,1000,7175,1000,6092,1000,12355,1250,0,0,0,0
//1246,COOKIE_XMAS,Christmas Cookie,Christmas Cookie,28,2090,0,461,284,1,140,170,0,50,1,24,30,53,45,100,10,12,0,7,46,0x91,400,1248,1248,240,0,0,0,0,0,0,0,0,529,1000,530,1000,14546,1000,14550,1000,7174,1000,7175,1000,6092,1000,12355,1250,0,0,0,0
//1247,ANTONIO,Antonio,Antonio,10,10,0,3,2,1,13,20,100,0,1,1,1,50,100,100,10,12,1,3,66,0xC1,100,720,720,432,0,0,0,0,0,0,0,0,604,500,12354,500,14550,500,5136,500,12132,500,12225,500,5811,500,0,0,0,0,4243,1

//iRO Halloween 2009 Event
//Uncomment if event is enabled. Uncomment the skills for Halloween Whisper in mob_skill_db2.
//3014,HALLOWEEN_WHISPER,Halloween Whisper,Halloween Whisper,1,800,0,0,0,1,10,13,0,45,1,51,14,0,60,0,10,12,0,6,68,0x81,150,1960,960,504,0,0,0,0,0,0,0,0,12396,150,6299,5335,0,0,0,0,0,0,0,0,0,0,0,0,0,0,0,0
//3015,HALLOWEEN_DARK_LORD,Halloween Dark Lord,Halloween Dark Lord,1,45,0,0,0,1,10,13,0,45,1,51,14,0,60,0,10,12,2,6,89,0x81,100,868,768,480,0,0,0,0,0,0,0,0,12396,800,12397,5335,0,0,0,0,0,0,0,0,0,0,0,0,0,0,0,0

//iRO Halloween 2008 Event
//Uncomment if event is enabled.
//3000,ZOMBIE,Zombie,Zombie,15,534,0,50,33,1,67,79,0,10,1,8,7,0,15,0,10,12,1,1,29,0x3885,400,2612,912,288,0,0,0,0,0,0,0,0,957,9000,724,5,938,1000,958,50,727,70,0,0,0,0,0,0,0,0,4038,1
//3001,GHOUL,Ghoul,Ghoul,40,5418,0,1088,622,1,420,500,5,20,1,20,29,0,45,20,10,12,1,1,49,0x3885,250,2456,912,504,0,0,0,0,0,0,0,0,958,6000,756,110,509,700,511,800,2609,60,934,150,1260,1,0,0,0,0,4110,1
//3002,ZOMBIE_MASTER,Zombie Master,Zombie Master,62,14211,0,7610,2826,1,824,1084,37,26,25,20,30,5,77,35,10,12,1,1,29,0x3695,175,2612,912,288,0,0,0,0,0,0,0,0,7071,4413,938,1500,958,1500,723,200,727,100,1260,1,2324,2,0,0,0,0,4274,1

// The Invasor (v10) [Ivion]
2500,KASA,Fire Sbirro,Fire Sbirro,80,200000,1000,200000,200000,2,1836,2121,10,30,39,86,29,151,108,29,10,12,2,0,63,0x37bd,120,1319,1319,288,0,0,0,0,0,0,0,0,604,500,604,500,604,500,604,500,12999,500,12999,500,12999,500,14233,500,14234,500,0,0
2501,SALAMANDER,Fire Hero,Fire Hero,110,800000,2000,800000,800000,2,1983,2838,20,40,119,78,64,65,225,40,10,12,2,0,63,0x37bd,120,535,535,288,0,0,0,0,0,0,0,0,12999,500,12999,500,12999,500,12999,500,14233,500,14233,500,14234,500,14234,500,12103,100,0,0
2502,IFRIT,Fire Deux,Fire Deux,140,5000000,4000,5000000,5000000,3,6764,8499,30,50,123,180,32,189,194,58,10,12,2,0,83,0x37bd,120,423,423,360,0,0,0,0,0,0,0,0,12999,500,12999,500,12999,500,12999,500,14233,500,14233,500,14234,500,14234,500,12103,100,0,0
2503,POURING,Aqua Sbirro,Aqua Sbirro,80,200000,1000,200000,200000,1,871,2296,10,30,79,58,66,92,136,58,10,0,0,3,61,0x37bd,120,1055,1055,480,0,0,0,0,0,0,0,0,604,500,604,500,604,500,604,500,12999,500,12999,500,12999,500,14233,500,14234,500,0,0
2504,AQUA_ELEMENTAL,Aqua Hero,Aqua Hero,110,800000,2000,800000,800000,1,804,3219,20,40,12,129,45,169,172,60,10,12,2,0,81,0x37bd,120,447,447,480,0,0,0,0,0,0,0,0,12999,500,12999,500,12999,500,12999,500,14233,500,14233,500,14234,500,14234,500,12103,100,0,0
2505,DRAKE,Aqua Deux,Aqua Deux,140,5000000,4000,5000000,5000000,1,4306,5023,30,50,170,162,100,152,153,109,10,12,1,1,29,0x37bd,120,259,259,360,0,0,0,0,0,0,0,0,12999,500,12999,500,12999,500,14233,500,14233,500,14233,500,14234,500,14234,500,12103,500,0,0
2506,ICE_TITAN,Ice Sbirro,Ice Sbirro,80,200000,1000,200000,200000,1,1074,1547,10,30,126,52,117,23,101,42,10,12,2,0,61,0x37bd,120,873,873,144,0,0,0,0,0,0,0,0,604,500,604,500,604,500,604,500,12999,500,12999,500,12999,500,14233,500,14234,500,0,0
2507,GARM,Ice Hero,Ice Hero,110,800000,2000,800000,800000,3,2095,2342,20,40,111,159,109,89,122,82,10,12,2,2,81,0x37bd,120,493,493,336,0,0,0,0,0,0,0,0,12999,500,12999,500,12999,500,12999,500,14233,500,14233,500,14234,500,14234,500,12103,100,0,0
2508,KTULLANUX,Ice Deux,Ice Deux,140,5000000,4000,5000000,5000000,3,1909,11774,30,50,109,154,45,153,211,139,10,12,2,2,81,0x37bd,120,380,380,216,0,0,0,0,0,0,0,0,12999,500,12999,500,12999,500,14233,500,14233,500,14233,500,14234,500,14234,500,12103,500,0,0
2509,TENDRILRION,Nature Sbirro,Nature Sbirro,80,200000,1000,200000,200000,1,4072,4886,10,30,119,69,10,53,152,21,10,12,2,2,42,0x37bd,120,2986,2986,336,0,0,0,0,0,0,0,0,604,500,604,500,604,500,604,500,12999,500,12999,500,12999,500,14233,500,14234,500,0,0
2510,GOPINICH,Nature Hero,Nature Hero,110,800000,2000,800000,800000,3,2456,8054,20,40,72,90,79,137,196,54,10,12,2,2,62,0x37bd,120,1167,1167,432,0,0,0,0,0,0,0,0,12999,500,12999,500,12999,500,12999,500,14233,500,14233,500,14234,500,14234,500,12103,100,0,0
2511,ENTWEIHEN,Nature Deux,Nature Deux,140,5000000,4000,5000000,5000000,20,8466,10583,30,50,10,79,49,258,228,39,10,12,1,6,87,0x37bc,1000,529,529,576,0,0,0,0,0,0,0,0,12999,500,12999,500,12999,500,14233,500,14233,500,14233,500,14234,500,14234,500,12103,500,0,0
2512,MOROCC_2,Earth Sbirro,Earth Sbirro,80,200000,1000,200000,200000,1,1568,2286,10,30,111,79,26,18,151,51,10,12,1,6,67,0x37bd,120,1284,1284,432,0,0,0,0,0,0,0,0,604,500,604,500,604,500,604,500,12999,500,12999,500,12999,500,14233,500,14234,500,0,0
2513,ATROCE,Earth Hero,Earth Hero,110,800000,2000,800000,800000,2,2315,3341,20,40,150,132,55,77,130,112,10,12,2,2,67,0x37bd,120,628,628,240,0,0,0,0,0,0,0,0,12999,500,12999,500,12999,500,12999,500,14233,500,14233,500,14234,500,14234,500,12103,100,0,0
2514,MOROCC,Earth Deux,Earth Deux,140,5000000,4000,5000000,5000000,2,6616,6616,30,50,132,150,35,230,169,52,10,12,2,6,87,0x37bd,120,367,367,432,0,0,0,0,0,0,0,0,12999,500,12999,500,12999,500,14233,500,14233,500,14233,500,14234,500,14234,500,12103,500,0,0
2515,HELL_APOCALIPS,Machina Sbirro,Machina Sbirro,80,200000,1000,200000,200000,2,3920,4152,10,30,90,54,39,101,113,89,10,12,3,0,40,0x37bd,120,2690,2690,384,0,0,0,0,0,0,0,0,604,500,604,500,604,500,604,500,12999,500,12999,500,12999,500,14233,500,14234,500,0,0
2516,RSX_0806,Machina Hero,Machina Hero,110,800000,2000,800000,800000,1,1017,2086,20,40,142,92,60,52,155,141,10,12,2,0,60,0x37bd,120,344,344,240,0,0,0,0,0,0,0,0,12999,500,12999,500,12999,500,12999,500,14233,500,14233,500,14234,500,14234,500,12103,100,0,0
2517,APOCALIPS_H,Machina Deux,Machina Deux,140,5000000,4000,5000000,5000000,3,4553,11384,30,50,139,77,50,101,216,202,10,12,2,2,46,0x37bd,120,442,442,432,0,0,0,0,0,0,0,0,12999,500,12999,500,12999,500,14233,500,14233,500,14233,500,14234,500,14234,500,12103,500,0,0
2518,UNGOLIANT,Insect Sbirro,Insect Sbirro,80,200000,1000,200000,200000,1,766,1354,10,30,52,77,81,42,152,65,10,12,2,4,45,0x37bd,120,706,706,420,0,0,0,0,0,0,0,0,604,500,604,500,604,500,604,500,12999,500,12999,500,12999,500,14233,500,14234,500,0,0
2519,QUEEN_SCARABA,Insect Hero,Insect Hero,110,800000,2000,800000,800000,1,1662,2494,20,40,40,40,40,260,105,301,10,12,2,4,62,0x37bd,120,461,461,576,0,0,0,0,0,0,0,0,12999,500,12999,500,12999,500,12999,500,14233,500,14233,500,14234,500,14234,500,12103,100,0,0
2520,MAYA,Insect Deux,Insect Deux,140,5000000,4000,5000000,5000000,1,5102,5868,30,50,149,150,121,149,129,161,10,12,2,4,82,0x37bd,120,304,304,480,0,0,0,0,0,0,0,0,12999,500,12999,500,12999,500,14233,500,14233,500,14233,500,14234,500,14234,500,12103,500,0,0
2521,CENTIPEDE,Venom Sbirro,Venom Sbirro,80,200000,1000,200000,200000,1,6246,6662,10,30,130,57,42,15,150,23,10,12,1,4,45,0x37bd,120,4302,4302,336,0,0,0,0,0,0,0,0,604,500,604,500,604,500,604,500,12999,500,12999,500,12999,500,14233,500,14234,500,0,0
2522,FALLINGBISHOP,Venom Hero,Venom Hero,110,800000,2000,800000,800000,1,2209,3457,20,40,11,121,32,182,174,40,10,12,1,6,47,0x37bd,120,629,629,360,0,0,0,0,0,0,0,0,12999,500,12999,500,12999,500,12999,500,14233,500,14233,500,14234,500,14234,500,12103,100,0,0
2523,BEELZEBUB_,Venom Deux,Venom Deux,140,5000000,4000,5000000,5000000,2,5709,7656,30,50,13,106,185,229,155,67,10,12,2,6,88,0x37bd,120,371,371,432,0,0,0,0,0,0,0,0,12999,500,12999,500,12999,500,14233,500,14233,500,14233,500,14234,500,14234,500,12103,500,0,0
2524,MUTANT_DRAGON,Dragon Sbirro,Dragon Sbirro,80,200000,1000,200000,200000,4,1952,2766,10,30,118,79,55,108,76,61,10,12,2,9,43,0x37bd,120,1572,1572,240,0,0,0,0,0,0,0,0,604,500,604,500,604,500,604,500,12999,500,12999,500,12999,500,14233,500,14234,500,0,0
2525,HYDRO,Dragon Hero,Dragon Hero,110,800000,2000,800000,800000,3,1127,1726,20,40,11,138,156,124,135,54,10,12,2,9,47,0x37bd,120,317,317,432,0,0,0,0,0,0,0,0,12999,500,12999,500,12999,500,12999,500,14233,500,14233,500,14234,500,14234,500,12103,100,0,0
2526,S_NYDHOG,Dragon Deux,Dragon Deux,140,5000000,4000,5000000,5000000,2,5780,16662,30,50,11,196,49,213,196,49,10,12,2,9,87,0x37bd,120,623,623,360,0,0,0,0,0,0,0,0,12999,500,12999,500,12999,500,14233,500,14233,500,14233,500,14234,500,14234,500,12103,500,0,0
2527,THA_ODIUM,Ghost Sbirro,Ghost Sbirro,80,200000,1000,200000,200000,9,1080,1440,10,30,72,40,118,49,130,67,10,12,2,1,88,0x37bd,120,840,840,420,0,0,0,0,0,0,0,0,604,500,604,500,604,500,604,500,12999,500,12999,500,12999,500,14233,500,14234,500,0,0
2528,MOROCC_4,Ghost Hero,Ghost Hero,110,800000,2000,800000,800000,1,4208,5646,20,40,69,69,39,227,132,29,10,12,1,6,68,0x37bd,120,1094,1094,432,0,0,0,0,0,0,0,0,12999,500,12999,500,12999,500,12999,500,14233,500,14233,500,14234,500,14234,500,12103,100,0,0
2529,GLOOMUNDERNIGHT,Ghost Deux,Ghost Deux,140,5000000,4000,5000000,5000000,3,10423,16869,30,50,151,172,149,121,168,83,10,12,2,0,68,0x37bd,120,758,758,576,0,0,0,0,0,0,0,0,12999,500,12999,500,12999,500,14233,500,14233,500,14233,500,14234,500,14234,500,12103,500,0,0
2530,CORNUS,Wind Sbirro,Wind Sbirro,80,200000,1000,200000,200000,1,3943,4272,10,30,89,39,66,155,84,16,10,12,1,2,46,0x37bd,120,2738,2738,480,0,0,0,0,0,0,0,0,604,500,604,500,604,500,604,500,12999,500,12999,500,12999,500,14233,500,14234,500,0,0
2531,MOROCC_1,Wind Hero,Wind Hero,110,800000,2000,800000,800000,2,4035,4957,20,40,122,124,30,147,150,60,10,12,2,8,27,0x37bd,120,999,999,432,0,0,0,0,0,0,0,0,12999,500,12999,500,12999,500,12999,500,14233,500,14233,500,14234,500,14234,500,12103,100,0,0
2532,WISH_MAIDEN,Wind Deux,Wind Deux,140,5000000,4000,5000000,5000000,1,18214,18215,30,50,18,18,99,331,18,99,10,12,2,8,28,0x37bd,120,1011,1011,480,0,0,0,0,0,0,0,0,12999,500,12999,500,12999,500,14233,500,14233,500,14233,500,14234,500,14234,500,12103,500,0,0
2533,NECROMANCER,Undead Sbirro,Undead Sbirro,80,200000,1000,200000,200000,1,2983,3409,10,30,10,48,10,158,139,17,10,12,1,1,89,0x37bd,120,2130,2130,420,0,0,0,0,0,0,0,0,604,500,604,500,604,500,604,500,12999,500,12999,500,12999,500,14233,500,14234,500,0,0
2534,OSIRIS,Undead Hero,Undead Hero,110,800000,2000,800000,800000,1,1266,4675,20,40,14,159,77,89,179,94,10,12,1,1,89,0x37bd,120,660,660,384,0,0,0,0,0,0,0,0,12999,500,12999,500,12999,500,12999,500,14233,500,14233,500,14234,500,14234,500,12103,100,0,0
2535,LORD_OF_DEATH,Undead Deux,Undead Deux,140,5000000,4000,5000000,5000000,3,8940,11030,30,50,13,164,63,179,172,181,10,12,2,6,67,0x37bd,120,554,554,360,0,0,0,0,0,0,0,0,12999,500,12999,500,12999,500,14233,500,14233,500,14233,500,14234,500,14234,500,12103,500,0,0
2536,MOROCC_3,Demon Sbirro,Demon Sbirro,80,200000,1000,200000,200000,1,935,1375,10,30,40,173,25,58,90,39,10,12,1,6,69,0x37bd,120,770,770,432,0,0,0,0,0,0,0,0,604,500,604,500,604,500,604,500,12999,500,12999,500,12999,500,14233,500,14234,500,0,0
2537,DRACULA,Demon Hero,Demon Hero,110,800000,2000,800000,800000,3,2953,3434,20,40,11,130,124,120,119,137,10,12,2,6,87,0x37bd,120,709,709,576,0,0,0,0,0,0,0,0,12999,500,12999,500,12999,500,12999,500,14233,500,14233,500,14234,500,14234,500,12103,100,0,0
2538,I_BAPHOMET,Demon Deux,Demon Deux,140,5000000,4000,5000000,5000000,1,14872,14872,30,50,11,192,16,112,249,124,10,12,2,6,67,0x37bd,120,826,826,576,0,0,0,0,0,0,0,0,12999,500,12999,500,12999,500,14233,500,14233,500,14233,500,14234,500,14234,500,12103,500,0,0
2539,RETRIBUTION,Kaos Sbirro,Kaos Sbirro,80,200000,1000,200000,200000,2,1012,1145,10,30,34,131,65,70,123,39,10,12,1,8,67,0x37bd,120,719,719,360,0,0,0,0,0,0,0,0,604,500,604,500,604,500,604,500,12999,500,12999,500,12999,500,14233,500,14234,500,0,0
2540,BLOODY_KNIGHT,Kaos Hero,Kaos Hero,110,800000,2000,800000,800000,3,2578,3634,20,40,119,103,98,106,164,79,10,12,2,0,87,0x37bd,120,690,690,192,0,0,0,0,0,0,0,0,12999,500,12999,500,12999,500,12999,500,14233,500,14233,500,14234,500,14234,500,12103,100,0,0
2541,DUNEYRR,Kaos Deux,Kaos Deux,140,5000000,4000,5000000,5000000,1,15394,18280,30,50,15,169,113,164,226,80,10,12,2,7,62,0x37bd,120,935,935,480,0,0,0,0,0,0,0,0,12999,500,12999,500,12999,500,14233,500,14233,500,14233,500,14234,500,14234,500,12103,500,0,0
2542,BACSOJIN,Takeshi Sbirro,Takeshi Sbirro,80,200000,1000,200000,200000,2,519,1342,10,30,55,88,51,106,130,52,10,12,2,7,41,0x37bd,120,620,620,480,0,0,0,0,0,0,0,0,604,500,604,500,604,500,604,500,12999,500,12999,500,12999,500,14233,500,14234,500,0,0
2543,INCANTATION_SAMURAI,Takeshi Hero,Takeshi Hero,110,800000,2000,800000,800000,3,2681,3829,20,40,117,109,47,109,183,80,10,12,2,7,67,0x37bd,120,723,723,576,0,0,0,0,0,0,0,0,12999,500,12999,500,12999,500,12999,500,14233,500,14233,500,14234,500,14234,500,12103,100,0,0
2544,DARK_SNAKE_LORD,Takeshi Deux,Takeshi Deux,140,5000000,4000,5000000,5000000,3,4343,7515,30,50,112,129,57,127,241,137,10,12,2,2,68,0x37bd,120,329,329,420,0,0,0,0,0,0,0,0,12999,500,12999,500,12999,500,14233,500,14233,500,14233,500,14234,500,14234,500,12103,500,0,0

2999,EMPELIUM,King Emperium,King Emperium,90,120000,0,0,0,1,60,71,40,50,1,17,80,50,26,20,10,12,0,8,26,0x120,300,1288,288,384,0,0,0,0,0,0,0,0,0,0,0,0,0,0,0,0,0,0,0,0,0,0,0,0,0,0,0,0

// devil square
2545,SOLDIER_SKELETON,Soldier Skeleton,Soldier Skeleton,29,2334,0,372,226,1,221,245,10,15,1,15,22,5,40,15,10,12,1,1,29,0x3885,200,2276,576,432,0,0,0,0,0,0,0,0,0,0,0,0,0,0,0,0,0,0,0,0,0,0,0,0,0,0,0,0
2546,ORC_ARCHER,Orc Archer,Orc Archer,49,7440,0,1729,1787,9,310,390,10,5,1,44,25,20,125,20,10,12,1,7,22,0x3095,300,1960,620,480,0,0,0,0,0,0,0,0,0,0,0,0,0,0,0,0,0,0,0,0,0,0,0,0,0,0,0,0
2547,SAND_MAN,Sandman,Sandman,34,3413,0,810,492,1,180,205,10,25,24,34,58,38,60,5,10,12,1,0,62,0x3885,250,1672,720,288,0,0,0,0,0,0,0,0,0,0,0,0,0,0,0,0,0,0,0,0,0,0,0,0,0,0,0,0
2548,ARCHER_SKELETON,Archer Skeleton,Archer Skeleton,31,3040,0,483,283,9,128,153,0,0,1,8,14,5,90,5,10,12,1,1,29,0x2085,300,2864,864,576,0,0,0,0,0,0,0,0,0,0,0,0,0,0,0,0,0,0,0,0,0,0,0,0,0,0,0,0
2549,MINOROUS,Minorous,Minorous,52,7431,0,2750,1379,1,590,770,15,5,65,42,61,66,52,25,10,12,2,2,43,0x3095,200,1360,960,432,0,0,0,0,0,0,0,0,0,0,0,0,0,0,0,0,0,0,0,0,0,0,0,0,0,0,0,0
2550,STING,Sting,Sting,61,9500,0,4081,2970,1,850,1032,5,30,57,45,55,5,120,85,10,12,1,0,62,0x3695,300,528,500,240,0,0,0,0,0,0,0,0,0,0,0,0,0,0,0,0,0,0,0,0,0,0,0,0,0,0,0,0
2551,ATROCE,Atroce,Atroce,82,1008420,0,295550,118895,2,2526,3646,25,25,100,87,30,49,89,72,10,12,2,2,67,0x37B5,150,576,600,240,147775,10000,0,0,0,0,0,0,0,0,0,0,0,0,0,0,0,0,0,0,0,0,0,0,0,0,0,0

2552,GARGOYLE,Gargoyle,Gargoyle,48,3950,0,1650,1650,9,290,360,10,10,15,61,20,20,126,40,10,12,1,6,64,0x2185,200,1020,720,384,0,0,0,0,0,0,0,0,0,0,0,0,0,0,0,0,0,0,0,0,0,0,0,0,0,0,0,0
2553,ANCIENT_MUMMY,Ancient Mummy,Ancient Mummy,64,40599,0,8040,3499,1,836,1129,27,27,28,19,32,5,83,35,10,12,1,1,49,0x3695,175,1772,120,384,0,0,0,0,0,0,0,0,0,0,0,0,0,0,0,0,0,0,0,0,0,0,0,0,0,0,0,0
2554,RAYDRIC,Raydric,Raydric,52,8613,0,3410,1795,1,830,930,40,15,58,47,42,5,69,26,10,12,2,7,47,0x3095,150,824,780,420,0,0,0,0,0,0,0,0,0,0,0,0,0,0,0,0,0,0,0,0,0,0,0,0,0,0,0,0
2555,INJUSTICE,Injustice,Injustice,51,7600,0,2118,1488,1,480,600,0,0,84,42,39,0,71,35,10,12,1,1,47,0x3695,400,770,720,336,0,0,0,0,0,0,0,0,0,0,0,0,0,0,0,0,0,0,0,0,0,0,0,0,0,0,0,0
2556,MIMIC,Mimic,Mimic,51,6120,182,165,165,1,150,900,10,40,44,121,1,60,75,110,10,12,1,0,60,0x3095,100,972,500,288,0,0,0,0,0,0,0,0,0,0,0,0,0,0,0,0,0,0,0,0,0,0,0,0,0,0,0,0
2557,WRAITH_DEAD,Wraith Dead,Wraith Dead,74,43021,0,10341,3618,2,1366,1626,25,30,5,99,55,75,115,45,10,12,2,1,89,0x3695,175,1816,576,240,0,0,0,0,0,0,0,0,0,0,0,0,0,0,0,0,0,0,0,0,0,0,0,0,0,0,0,0
2558,DARK_LORD,Dark Lord,Dark Lord,80,720000,0,65780,45045,2,2800,3320,30,70,1,120,30,118,99,60,10,12,2,6,89,0x37B5,100,868,768,480,32890,10000,0,0,0,0,0,0,0,0,0,0,0,0,0,0,0,0,0,0,0,0,0,0,0,0,0,0

2559,ANOLIAN,Anolian,Anolian,61,18960,0,5900,3700,1,640,980,15,15,1,43,58,25,80,65,10,12,1,5,41,0x3695,190,900,500,864,0,0,0,0,0,0,0,0,0,0,0,0,0,0,0,0,0,0,0,0,0,0,0,0,0,0,0,0
2560,WANDER_MAN,Wander Man,Wanderer,74,8170,0,5786,4730,2,450,1170,5,5,1,192,38,45,127,85,10,12,1,6,24,0x3795,100,672,500,192,0,0,0,0,0,0,0,0,0,0,0,0,0,0,0,0,0,0,0,0,0,0,0,0,0,0,0,0
2561,RAYDRIC_ARCHER,Raydric Archer,Raydric Archer,52,5250,0,3025,2125,9,415,500,35,5,15,25,22,5,145,35,10,12,1,6,47,0x2185,200,1152,1152,480,0,0,0,0,0,0,0,0,0,0,0,0,0,0,0,0,0,0,0,0,0,0,0,0,0,0,0,0
2562,JOKER,Joker,Joker,57,12450,0,3706,2362,1,621,738,10,35,1,143,47,75,98,175,10,12,2,7,84,0x3695,100,1364,864,432,0,0,0,0,0,0,0,0,0,0,0,0,0,0,0,0,0,0,0,0,0,0,0,0,0,0,0,0
2563,EDDGA,Eddga,Eddga,65,152000,0,25025,12870,1,1215,1565,15,15,78,70,85,66,90,85,10,12,2,2,23,0x37B5,300,872,1344,432,12512,10000,0,0,0,0,0,0,0,0,0,0,0,0,0,0,0,0,0,0,0,0,0,0,0,0,0,0
2564,GARM,Garm,Garm,73,197000,0,50050,20020,3,1700,1900,40,45,85,126,82,65,95,60,10,12,2,2,81,0x37B5,400,608,408,336,25025,10000,0,0,0,0,0,0,0,0,0,0,0,0,0,0,0,0,0,0,0,0,0,0,0,0,0,0
2565,TURTLE_GENERAL,Turtle General,Turtle General,97,320700,0,18202,9800,2,2438,3478,50,54,100,45,55,65,105,164,10,12,2,2,42,0x37B5,200,900,1000,500,9101,10000,0,0,0,0,0,0,0,0,0,0,0,0,0,0,0,0,0,0,0,0,0,0,0,0,0,0

2011,S_EMPEL_1,Support Crystal,Support Crystal,99,20,50000,0,0,3, 1,2,100,99, 0,0,0,90,20,0,10,12,1,0,26,0x40,2000,1308,1008,480,0,0,0,0,0,0,0,0,0,0,0,0,0,0,0,0,0,0,0,0,0,0,0,0,0,0,0,0
2012,LEAF_CAT,Shiro,Shiro,1,25,50000,2000,2000,1,266,307,5,19,25,67,12,45,60,29,10,12,0,2,22,0xF1,150,960,864,720,0,0,0,0,0,0,0,0,7919,28,5097,7,12709,1500,14525,430,14564,285,14549,714,12130,714,12106,14,0,0,0,0

// Tierra Bossnia
2100,RSX_0806,RSX 0806,RSX-0806,86,500000,0,0,0,1,2740,5620,39,41,85,51,30,25,93,84,10,12,2,0,60,0x37B5,300,128,1104,240,0,0,0,0,0,0,0,0,0,0,0,0,0,0,0,0,0,0,0,0,0,0,0,0,0,0,0,0
2101,GLOOMUNDERNIGHT,Gloom Under Night,Gloom Under Night,89,500000,0,0,0,3,5880,9516,10,20,100,115,98,78,111,50,10,12,2,0,68,0x37B5,300,1344,2880,576,0,0,0,0,0,0,0,0,0,0,0,0,0,0,0,0,0,0,0,0,0,0,0,0,0,0,0,0
2102,RANDGRIS,Valkyrie Randgris,Valkyrie Randgris,99,500000,0,0,0,3,5560,9980,25,42,100,120,30,120,220,210,10,12,2,8,86,0x37B5,300,576,576,480,0,0,0,0,0,0,0,0,0,0,0,0,0,0,0,0,0,0,0,0,0,0,0,0,0,0,0,0
2103,GARM,Garm,Garm,73,500000,0,0,0,3,1700,1900,40,45,85,126,82,65,95,60,10,12,2,2,81,0x37B5,400,608,408,336,0,0,0,0,0,0,0,0,0,0,0,0,0,0,0,0,0,0,0,0,0,0,0,0,0,0,0,0
2104,MOROCC,Satan Morroc,Satan Morroc,99,500000,0,0,0,2,32000,32001,29,65,140,160,30,250,180,50,10,12,2,6,87,0x37B5,300,76,540,432,0,0,0,0,0,0,0,0,0,0,0,0,0,0,0,0,0,0,0,0,0,0,0,0,0,0,0,0

// Conquest Battleground
2105,S_EMPEL_1,Guardian Stone,Guardian Stone,90,500,0,0,0,0,1,1,100,99,1,1,1,1,1,1,0,0,2,0,20,0x160,300,1288,288,384,0,0,0,0,0,0,0,0,0,0,0,0,0,0,0,0,0,0,0,0,0,0,0,0,0,0,0,0
2106,S_EMPEL_2,Guardian Stone,Guardian Stone,90,500,0,0,0,0,1,1,100,99,1,1,1,1,1,1,0,0,2,0,20,0x160,300,1288,288,384,0,0,0,0,0,0,0,0,0,0,0,0,0,0,0,0,0,0,0,0,0,0,0,0,0,0,0,0
2107,EMPELIUM,Emperium,Emperium,90,250,0,0,0,0,1,1,100,99,1,1,1,1,1,1,0,0,2,0,20,0x160,300,1288,288,384,0,0,0,0,0,0,0,0,0,0,0,0,0,0,0,0,0,0,0,0,0,0,0,0,0,0,0,0

// Mechanic Fixed Autonomous Weapon Platforms
2042,SILVERSNIPER,Silver Sniper,Silver Sniper,1,50000,0,0,0,9,300,1000,0,0,0,0,0,0,1000,0,10,12,1,0,20,0x3394,1000,1500,500,300,0,0,0,0,0,0,0,0,0,0,0,0,0,0,0,0,0,0,0,0,0,0,0,0,0,0,0,0
2043,MAGICDECOY_FIRE,Magic Decoy Fire,Magic Decoy Fire,1,50000,0,0,0,9,300,1000,0,0,0,0,0,100,1000,0,10,12,1,0,20,0x3394,1000,1500,500,300,0,0,0,0,0,0,0,0,0,0,0,0,0,0,0,0,0,0,0,0,0,0,0,0,0,0,0,0
2044,MAGICDECOY_WATER,Magic Decoy Water,Magic Decoy Water,1,50000,0,0,0,9,300,1000,0,0,0,0,0,100,1000,0,10,12,1,0,20,0x3394,1000,1500,500,300,0,0,0,0,0,0,0,0,0,0,0,0,0,0,0,0,0,0,0,0,0,0,0,0,0,0,0,0
2045,MAGICDECOY_EARTH,Magic Decoy Earth,Magic Decoy Earth,1,50000,0,0,0,9,300,1000,0,0,0,0,0,100,1000,0,10,12,1,0,20,0x3394,1000,1500,500,300,0,0,0,0,0,0,0,0,0,0,0,0,0,0,0,0,0,0,0,0,0,0,0,0,0,0,0,0
2046,MAGICDECOY_WIND,Magic Decoy Wind,Magic Decoy Wind,1,50000,0,0,0,9,300,1000,0,0,0,0,0,100,1000,0,10,12,1,0,20,0x3394,1000,1500,500,300,0,0,0,0,0,0,0,0,0,0,0,0,0,0,0,0,0,0,0,0,0,0,0,0,0,0,0,0








// Bifrost (14.1)
2131,LOST_DRAGON,Lost Dragon,Lost Dragon,135,608920,0,300000,300000,3,10500,15800,22,14,140,81,69,122,98,61,10,12,2,9,67,0x3795,150,840,648,576,150000,10000,617,2500,616,5000,0,0,2610,1000,13062,3,607,1000,608,500,610,500,1985,500,2854,300,0,0,0,0,0,0
2132,POM_SPIDER,Pom Spider,Pom Spider,145,122110,1,68250,68500,1,9632,14847,52,41,156,85,178,88,139,102,10,12,1,4,62,0x3985,250,864,1056,576,0,0,0,0,0,0,0,0,12573,500,11520,1000,1042,1000,13431,10,1654,3,0,0,0,0,0,0,0,0,0,0
2133,ANGRA_MANTIS,Angra Mantis,Angra Mantis,144,91720,1,66790,57020,1,8579,13756,37,31,122,155,119,81,132,79,10,12,1,4,42,0x3985,150,576,480,480,0,0,0,0,0,0,0,0,6086,5000,7194,1000,997,10,1830,10,0,0,0,0,0,0,0,0,0,0,0,0
2134,PARUS,Parus,Parus,142,86990,1,60310,55990,1,8511,13663,34,19,80,136,128,44,105,51,10,12,0,2,42,0x3885,180,384,792,432,0,0,0,0,0,0,0,0,6393,5000,7063,1000,12736,100,6383,5000,6383,3000,6383,1000,0,0,0,0,0,0,0,0
2135,CREEPER,Creeper,Creeper,100,1000,1,0,0,1,0,0,0,0,0,0,0,0,0,0,0,0,1,3,22,0x40,2000,192,192,576,0,0,0,0,0,0,0,0,0,0,0,0,0,0,0,0,0,0,0,0,0,0,0,0,0,0,0,0
2136,LITTLE_FATUM,Little Fatum,Little Fatum,142,85100,1,61500,51500,1,5442,8894,21,68,10,66,17,148,148,97,10,12,0,7,44,0x3885,150,432,300,432,0,0,0,0,0,0,0,0,6395,5000,7938,100,11519,100,2465,3,0,0,0,0,0,0,0,0,0,0,0,0
2137,MIMING,Miming,Miming,140,81200,1,57100,48300,1,7430,13652,42,42,90,66,105,77,133,77,10,12,0,0,20,0x3885,250,576,1140,504,0,0,0,0,0,0,0,0,6394,5000,7938,100,969,1,2853,3,0,0,0,0,0,0,0,0,0,0,0,0
2138,NYDHOG_MEMORY1_1,Nydhogg's Memory,Nydhogg's Memory,130,10,1,0,0,1,0,0,0,0,0,0,0,0,0,0,0,0,0,0,20,0xC9,200,1248,576,1248,0,0,0,0,0,0,0,0,0,0,0,0,0,0,0,0,0,0,0,0,0,0,0,0,0,0,0,0
2139,NYDHOG_MEMORY1_2,Nydhogg's Memory,Nydhogg's Memory,130,10,1,0,0,1,0,0,0,0,0,0,0,0,0,0,0,0,0,0,20,0xC9,200,1248,576,1248,0,0,0,0,0,0,0,0,0,0,0,0,0,0,0,0,0,0,0,0,0,0,0,0,0,0,0,0
2140,NYDHOG_MEMORY2_1,Nydhogg's Memory,Nydhogg's Memory,130,10,1,0,0,1,0,0,0,0,0,0,0,0,0,0,0,0,0,0,20,0xC9,200,1248,576,1248,0,0,0,0,0,0,0,0,0,0,0,0,0,0,0,0,0,0,0,0,0,0,0,0,0,0,0,0
2141,NYDHOG_MEMORY2_2,Nydhogg's Memory,Nydhogg's Memory,130,10,1,0,0,1,0,0,0,0,0,0,0,0,0,0,0,0,0,0,20,0xC9,200,1248,576,1248,0,0,0,0,0,0,0,0,0,0,0,0,0,0,0,0,0,0,0,0,0,0,0,0,0,0,0,0
2142,NYDHOG_MEMORY3_1,Nydhogg's Memory,Nydhogg's Memory,130,10,1,0,0,1,0,0,0,0,0,0,0,0,0,0,0,0,0,0,20,0xC9,200,1248,576,1248,0,0,0,0,0,0,0,0,0,0,0,0,0,0,0,0,0,0,0,0,0,0,0,0,0,0,0,0
2143,NYDHOG_MEMORY3_2,Nydhogg's Memory,Nydhogg's Memory,130,10,1,0,0,1,0,0,0,0,0,0,0,0,0,0,0,0,0,0,20,0xC9,200,1248,576,1248,0,0,0,0,0,0,0,0,0,0,0,0,0,0,0,0,0,0,0,0,0,0,0,0,0,0,0,0
2144,G_ANTLER_SCARABA,Antler Scaraba,Antler Scaraba,136,62600,1,0,0,1,6412,12822,52,48,23,99,59,129,91,45,10,12,1,4,42,0x3985,200,504,624,360,0,0,0,0,0,0,0,0,0,0,0,0,0,0,0,0,0,0,0,0,0,0,0,0,0,0,0,0
2145,G_RAKE_SCARABA,Rake Scaraba,Rake Scaraba,139,67700,1,0,0,1,6830,12942,65,30,90,66,145,52,112,77,10,12,1,4,42,0x3985,150,588,768,480,0,0,0,0,0,0,0,0,0,0,0,0,0,0,0,0,0,0,0,0,0,0,0,0,0,0,0,0

// Dewata
2151,ALNOLDI,Alnoldi,Rafflesia Alnoldi,80,5149,0,1399,1280,1,378,447,30,10,1,32,24,61,85,30,10,12,1,3,22,0x3895,300,768,768,576,0,0,0,0,0,0,0,0,705,250,520,425,905,4500,711,300,521,250,2269,100,0,0,0,0,0,0,0,0
2152,COMODO,Comodo,Comodo,81,4002,0,1072,1581,1,427,469,32,6,50,52,35,20,94,48,10,12,1,2,65,0x3895,165,432,432,360,0,0,0,0,0,0,0,0,6403,5000,517,9000,911,9000,908,5000,0,0,0,0,0,0,0,0,0,0,0,0
2153,CENDRAWASIH,Cendrawasih,Cendrawasih,84,5556,0,4612,4687,1,297,467,29,13,50,77,51,58,92,45,10,12,1,8,23,0x3895,220,768,768,576,0,0,0,0,0,0,0,0,6405,9000,7063,8000,916,9000,0,0,0,0,0,0,0,0,0,0,0,0,0,0
2154,BANASPATY,Banaspaty,Banaspaty,85,4680,0,1164,1688,1,200,382,23,29,1,78,35,77,79,20,10,12,0,0,63,0x3895,220,1872,672,480,0,0,0,0,0,0,0,0,1003,1000,912,2000,985,1500,756,1500,1752,500,0,0,0,0,0,0,0,0,0,0
2155,BUTOIJO,Butoijo,Butoijo,88,7524,0,2355,2752,1,358,460,37,6,50,65,30,30,106,44,10,12,2,6,43,0x4995,200,1100,483,528,0,0,0,0,0,0,0,0,938,2750,537,500,520,450,0,0,0,0,0,0,0,0,0,0,0,0,0,0
2156,LEAK,Leak,Leak,94,1266000,0,472800,300120,1,3723,5007,60,48,100,125,30,85,186,55,10,12,2,6,47,0x37B5,150,151,288,360,250000,10000,607,5500,617,2250,616,450,1422,10,617,2500,607,2500,15032,500,12738,3500,518,2500,969,2000,0,0,0,0,0,0
2157,G_BANASPATY,Banaspaty,Banaspaty,85,4680,0,0,0,1,200,382,23,29,1,78,35,77,79,20,10,12,0,0,63,0x37B5,220,1872,672,480,0,0,0,0,0,0,0,0,0,0,0,0,0,0,0,0,0,0,0,0,0,0,0,0,0,0,0,0

// Nightmare Scaraba Hole
2161,I_HORN_SCARABA,Gold One-Horn Scaraba,Gold One-Horn Scaraba,130,204400,0,155660,112033,1,10266,14448,45,10,44,109,55,121,121,33,10,12,0,4,22,0x3795,150,76,384,288,0,0,0,0,0,0,0,0,6324,10000,1433,4,12735,20,7939,20,993,4,0,0,0,0,0,0,0,0,0,0
2162,I_HORN_SCARABA2,Gold Two-Horn Scaraba,Gold Two-Horn Scaraba,134,235600,0,177340,123647,1,11380,15590,50,18,44,118,72,145,134,51,10,12,0,4,22,0x3795,150,76,384,288,0,0,0,0,0,0,0,0,6323,10000,13061,4,12735,20,7939,20,993,4,0,0,0,0,0,0,0,0,0,0
2163,I_ANTLER_SCARABA,Gold Antler Scaraba,Gold Antler Scaraba,136,250400,0,188990,135675,1,14824,17644,52,48,23,149,59,229,141,45,10,12,1,4,42,0x3795,220,76,384,288,0,0,0,0,0,0,0,0,6322,10000,1930,4,12735,20,7939,20,993,4,0,0,0,0,0,0,0,0,0,0
2164,I_RAKE_SCARABA,Gold Rake Scaraba,Gold Rake Scaraba,139,270800,0,200970,146785,1,16660,19884,65,30,90,116,145,152,162,77,10,12,1,4,42,0x3795,200,76,384,288,0,0,0,0,0,0,0,0,6321,10000,16010,4,12735,20,15000,20,993,4,0,0,0,0,0,0,0,0,0,0
2165,I_QUEEN_SCARABA,Gold Queen Scaraba,Gold Queen Scaraba,140,6441600,0,7410220,4212200,3,23778,36258,75,50,100,138,82,249,261,144,10,12,2,4,62,0x37B5,200,768,768,576,4500000,10000,616,5500,616,5000,616,2000,6326,10000,1191,2000,2364,2000,1196,800,18103,1000,0,0,0,0,0,0,0,0,0,0
2166,I_HORN_SCARABA_EGG,Gold One-Horn Scaraba Egg,Gold One-Horn Scaraba Egg,125,126000,0,75000,50000,0,1,2,60,40,1,1,130,34,1,80,10,12,0,4,20,0x0,1000,24,1,1,0,0,0,0,0,0,0,0,7032,10000,518,200,985,20,0,0,0,0,0,0,0,0,0,0,0,0,0,0
2167,I_HORN_SCARABA2_EGG,Gold Two-Horn Scaraba Egg,Gold Two-Horn Scaraba Egg,126,132000,0,75000,50000,0,1,2,65,42,1,1,130,48,1,80,10,12,0,4,20,0x0,1000,24,1,1,0,0,0,0,0,0,0,0,7032,10000,518,200,985,20,0,0,0,0,0,0,0,0,0,0,0,0,0,0
2168,I_ANTLER_SCARABA_EGG,Gold Antler Scaraba Egg,Gold Antler Scaraba Egg,127,138000,0,75000,50000,0,1,2,61,65,1,1,130,82,1,80,10,12,0,4,20,0x0,1000,24,1,1,0,0,0,0,0,0,0,0,7032,10000,518,200,985,20,0,0,0,0,0,0,0,0,0,0,0,0,0,0
2169,I_RAKE_SCARABA_EGG,Gold Rake Scaraba Egg,Gold Rake Scaraba Egg,128,144000,0,75000,50000,0,1,2,70,35,1,1,130,39,1,80,10,12,0,4,20,0x0,1000,24,1,1,0,0,0,0,0,0,0,0,7032,10000,518,200,985,20,2153,20,0,0,0,0,0,0,0,0,0,0,0,0
2170,I_G_ANTLER_SCARABA,Gold Antler Scaraba,Gold Antler Scaraba,136,250400,0,0,0,1,14824,17644,52,48,23,149,59,229,141,45,10,12,1,4,42,0x37B5,220,76,384,288,0,0,0,0,0,0,0,0,0,0,0,0,0,0,0,0,0,0,0,0,0,0,0,0,0,0,0,0
2171,I_G_RAKE_SCARABA,Gold Rake Scaraba,Gold Rake Scaraba,139,270800,0,0,0,1,16660,19884,65,30,90,116,145,152,162,77,10,12,1,4,42,0x37B5,200,76,384,288,0,0,0,0,0,0,0,0,0,0,0,0,0,0,0,0,0,0,0,0,0,0,0,0,0,0,0,0
2172,I_G_HORN_SCARABA,Gold One-Horn Scaraba,Gold One-Horn Scaraba,130,204400,0,0,0,1,10266,14448,45,10,44,109,55,121,121,33,10,12,0,4,22,0x37B5,150,76,384,288,0,0,0,0,0,0,0,0,0,0,0,0,0,0,0,0,0,0,0,0,0,0,0,0,0,0,0,0
2173,I_G_HORN_SCARABA2,Gold Two-Horn Scaraba,Gold Two-Horn Scaraba,134,235600,0,0,0,1,11380,15590,50,18,44,118,72,145,134,51,10,12,0,4,22,0x37B5,150,76,384,288,0,0,0,0,0,0,0,0,0,0,0,0,0,0,0,0,0,0,0,0,0,0,0,0,0,0,0,0

// Malangdo Island
2174,MD_VADON,Deep Sea Vadon,Deep Sea Vadon,95,120000,0,15000,15000,1,710,1384,54,11,1,63,84,60,99,45,10,12,0,5,21,0x37B5,300,1632,432,540,0,0,0,0,0,0,0,0,991,40,960,9000,910,3000,2313,5,943,100,757,40,717,50,0,0,0,0,4049,1
2175,MD_MARSE,Deep Sea Marse,Deep Sea Marse,95,120000,0,15000,15000,1,740,1456,28,58,1,51,75,30,99,30,10,12,0,5,41,0x37B5,300,1956,756,528,0,0,0,0,0,0,0,0,1024,9000,962,3000,717,200,720,10,995,12,1007,5,514,300,0,0,0,0,4095,1
2176,MD_CRAB,Deep Sea Crab,Deep Sea Crab,95,120000,0,15000,15000,1,600,1176,36,5,54,42,72,21,84,45,7,12,0,5,21,0x37B5,200,992,792,360,0,0,0,0,0,0,0,0,964,5500,960,1500,7049,700,1001,13,0,0,0,0,757,37,0,0,0,0,4153,1
2177,MD_CORNUTUS,Deep Sea Cornutus,Deep Sea Cornutus,100,160000,0,15000,15000,1,715,1392,72,18,1,81,135,48,51,45,10,12,0,5,21,0x37B5,200,1248,48,480,0,0,0,0,0,0,0,0,991,45,961,5500,911,800,757,53,2106,5,943,1000,717,100,0,0,0,0,4061,1
2178,MD_SHELLFISH,Deep Sea Shellfish,Deep Sea Shellfish,100,160000,0,15000,15000,1,740,1408,13,55,1,33,144,75,78,30,10,12,0,5,21,0x37B5,200,864,864,384,0,0,0,0,0,0,0,0,965,5500,966,1000,7049,500,1056,1000,1001,10,0,0,757,18,0,0,0,0,4273,1
2179,MD_KUKRE,Deep Sea Kukre,Deep Sea Kukre,100,160000,0,15000,15000,1,595,1160,33,13,1,90,66,60,96,60,10,12,0,5,21,0x37B5,150,1776,576,288,0,0,0,0,0,0,0,0,991,30,955,5500,910,400,528,500,507,650,928,450,623,20,0,0,0,0,4027,1
2180,MD_STROUF,Deep Sea Strouf,Deep Sea Strouf,1,50,0,0,0,1,7,10,0,5,1,1,1,1,6,30,10,12,1,3,21,0x83,400,1872,672,480,0,0,0,0,0,0,0,0,0,0,0,0,0,0,0,0,0,0,0,0,0,0,0,0,0,0,0,0
2181,MD_SWORD_FISH,Deep Sea Sword Fish,Deep Sea Sword Fish,1,50,0,0,0,1,7,10,0,5,1,1,1,1,6,30,10,12,1,3,21,0x83,400,1872,672,480,0,0,0,0,0,0,0,0,0,0,0,0,0,0,0,0,0,0,0,0,0,0,0,0,0,0,0,0
2182,MD_MARC,Deep Sea Marc,Deep Sea Marc,1,50,0,0,0,1,7,10,0,5,1,1,1,1,6,30,10,12,1,3,21,0x83,400,1872,672,480,0,0,0,0,0,0,0,0,0,0,0,0,0,0,0,0,0,0,0,0,0,0,0,0,0,0,0,0
2183,MD_ANOLIAN,Deep Sea Anolian,Deep Sea Anolian,1,50,0,0,0,1,7,10,0,5,1,1,1,1,6,30,10,12,1,3,21,0x83,400,1872,672,480,0,0,0,0,0,0,0,0,0,0,0,0,0,0,0,0,0,0,0,0,0,0,0,0,0,0,0,0
2184,MD_OBEAUNE,Deep Sea Obeaune,Deep Sea Obeaune,1,50,0,0,0,1,7,10,0,5,1,1,1,1,6,30,10,12,1,3,21,0x83,400,1872,672,480,0,0,0,0,0,0,0,0,0,0,0,0,0,0,0,0,0,0,0,0,0,0,0,0,0,0,0,0
2185,MD_KAPHA,Deep Sea Kapha,Deep Sea Kapha,1,50,0,0,0,1,7,10,0,5,1,1,1,1,6,30,10,12,1,3,21,0x83,400,1872,672,480,0,0,0,0,0,0,0,0,0,0,0,0,0,0,0,0,0,0,0,0,0,0,0,0,0,0,0,0
2186,COELACANTH_N_E,Coelacanth,Coelacanth,100,2200000,0,0,0,1,7,10,130,65,1,1,1,1,6,30,10,12,2,5,41,0x37B5,400,1872,672,480,0,0,0,0,0,0,0,0,0,0,0,0,0,0,0,0,0,0,0,0,0,0,0,0,0,0,0,0
2187,COELACANTH_N_A,Dark Coelacanth,Dark Coelacanth,100,2200000,0,0,0,1,7,10,130,65,1,1,1,1,6,30,10,12,2,5,41,0x37B5,400,1872,672,480,0,0,0,0,0,0,0,0,0,0,0,0,0,0,0,0,0,0,0,0,0,0,0,0,0,0,4527,1
2188,COELACANTH_N_M,Weird Coelacanth,Weird Coelacanth,100,2200000,0,0,0,1,7,10,130,65,1,1,1,1,6,30,10,12,2,5,41,0x37B5,400,1872,672,480,0,0,0,0,0,0,0,0,0,0,0,0,0,0,0,0,0,0,0,0,0,0,0,0,0,0,4526,1
2189,COELACANTH_H_M,Mutant Coelacanth,Mutant Coelacanth,140,2200000,0,0,0,1,7,10,130,65,1,1,1,1,6,30,10,12,2,5,41,0x37B5,400,1872,672,480,0,0,0,0,0,0,0,0,0,0,0,0,0,0,0,0,0,0,0,0,0,0,0,0,0,0,4528,1
2190,COELACANTH_H_A,Violent Coelacanth,Violent Coelacanth,140,2200000,0,0,0,1,7,10,130,65,1,1,1,1,6,30,10,12,2,5,41,0x37B5,400,1872,672,480,0,0,0,0,0,0,0,0,0,0,0,0,0,0,0,0,0,0,0,0,0,0,0,0,0,0,4529,1
2191,MD_SEAWEED,Seaweed,Seaweed,1,50,0,0,0,1,7,10,0,5,1,1,1,1,6,30,10,12,1,3,21,0x83,400,1872,672,480,0,0,0,0,0,0,0,0,0,0,0,0,0,0,0,0,0,0,0,0,0,0,0,0,0,0,0,0
2192,MD_OCTOPUS,Octopus,Octopus,90,6000,0,4000,2000,1,778,1167,154,21,100,100,100,100,100,100,10,12,0,5,41,0x3795,150,768,768,576,0,0,0,0,0,0,0,0,1024,3000,962,3000,12615,10,0,0,0,0,0,0,0,0,0,0,0,0,0,0
2193,MD_OCTOPUS_LEG,Octopus Leg,Octopus Leg,90,500000,0,4000,2000,1,778,1167,154,21,100,100,100,100,100,100,10,12,0,5,41,0x1A4,400,768,768,576,0,0,0,0,0,0,0,0,12613,30,0,0,0,0,0,0,0,0,0,0,0,0,0,0,0,0,0,0
2194,MD_GIANT_OCTOPUS,Giant Octupus,Giant Octopus,95,500000,0,400000,200000,2,1900,2850,54,11,100,50,50,150,150,50,10,12,2,5,41,0x37B5,400,768,768,576,0,0,0,0,0,0,0,0,12615,7000,12615,3000,12614,3000,12617,1000,12642,1000,12623,500,0,0,0,0,0,0,0,0
2195,MD_G_KUKRE,Kukre,Kukre,1,50,0,0,0,1,7,10,0,5,1,1,1,1,6,30,10,12,1,3,21,0x83,400,1872,672,480,0,0,0,0,0,0,0,0,0,0,0,0,0,0,0,0,0,0,0,0,0,0,0,0,0,0,0,0
2196,MD_G_STROUF,Strouf,Strouf,1,50,0,0,0,1,7,10,0,5,1,1,1,1,6,30,10,12,1,3,21,0x83,400,1872,672,480,0,0,0,0,0,0,0,0,0,0,0,0,0,0,0,0,0,0,0,0,0,0,0,0,0,0,0,0
2197,RED_ERUMA,Red Eruma,Red Eruma,91,9900,0,2909,2909,1,620,930,32,32,1,75,40,40,75,30,10,12,1,5,41,0x89,150,768,768,576,0,0,0,0,0,0,0,0,6426,7000,965,4000,966,4000,1056,2000,757,200,756,50,603,10,0,0,0,0,0,0
2198,KING_DRAMOH,King Dramoh,King Dramoh,117,28800,0,19350,7300,1,1320,1848,80,12,100,70,50,30,100,70,10,12,2,5,41,0x37B5,120,432,432,360,0,0,0,0,0,0,0,0,960,7000,943,3000,7938,500,995,100,6256,100,1523,1,13035,1,0,0,0,0,0,0
2199,SIORAVA,Siorava,Siorava,87,6500,0,2200,2200,1,450,675,10,20,1,30,25,55,60,30,10,12,0,0,21,0x83,200,1872,672,480,0,0,0,0,0,0,0,0,958,7000,7071,3000,7005,1000,932,1000,12624,500,1202,10,13034,1,0,0,0,0,0,0

// Izlude Dungeon F6
//2200,J_TAINI,Taini,Taini,1,50,0,0,0,1,7,10,0,5,1,1,1,1,6,30,10,12,1,3,21,0x83,400,1872,672,480,0,0,0,0,0,0,0,0,0,0,0,0,0,0,0,0,0,0,0,0,0,0,0,0,0,0,0,0
2201,SROPHO,Sropho,Sropho,113,24002,0,13934,13900,1,571,856,24,41,100,50,30,70,90,30,10,12,1,5,41,0x3795,135,700,600,360,0,0,0,0,0,0,0,0,951,7000,7938,500,756,250,12012,25,1971,25,1972,10,0,0,0,0,0,0,0,0
2202,KRAKEN,Kraken,Kraken,124,5602800,0,983332,961111,3,3823,4969,25,59,150,150,50,180,180,150,10,12,2,5,81,0x37B5,150,768,768,576,491666,10000,607,5500,617,2250,616,450,962,9000,1422,1000,1484,500,1131,300,2347,100,7444,5000,0,0,0,0,0,0,0,0
2203,POT_DOFLE,Pot Dofle,Pot Dofle,115,25211,0,16650,8350,1,1088,1632,42,25,100,50,50,70,100,30,10,12,0,5,41,0x1089,135,768,768,576,0,0,0,0,0,0,0,0,1056,3000,7013,1000,1024,500,6257,100,969,2,617,1,0,0,0,0,0,0,0,0
2204,SEDORA,Sedora,Sedora,110,22050,0,12853,11739,1,758,1137,32,25,100,50,50,30,70,30,10,12,1,5,41,0x3795,120,504,960,576,0,0,0,0,0,0,0,0,962,5000,1024,5000,6256,100,7939,100,2424,10,603,5,0,0,0,0,0,0,0,0
//2205,TACNU,Tacnu,Tacnu,1,50,0,0,0,1,7,10,0,5,1,1,1,1,6,30,10,12,1,3,21,0x83,400,1872,672,480,0,0,0,0,0,0,0,0,0,0,0,0,0,0,0,0,0,0,0,0,0,0,0,0,0,0,0,0
2206,KRAKEN_LEG,Kraken Leg,Kraken Leg,124,39190,0,0,0,2,1685,2190,38,48,100,100,50,130,130,100,10,12,2,5,81,0x37B5,150,768,768,576,0,0,0,0,0,0,0,0,7565,10,6253,10,0,0,0,0,0,0,0,0,0,0,0,0,0,0,0,0
//2207,RACARCH,Racarch,Racarch,1,50,0,0,0,1,7,10,0,5,1,1,1,1,6,30,10,12,1,3,21,0x83,400,1872,672,480,0,0,0,0,0,0,0,0,0,0,0,0,0,0,0,0,0,0,0,0,0,0,0,0,0,0,0,0
2208,WILD_RIDER,Wild Rider,Wild Rider,95,33300,0,28300,18300,1,1320,1848,80,12,100,100,30,70,100,30,10,12,2,5,41,0x37B5,150,432,432,360,0,0,0,0,0,0,0,0,956,7000,12624,7000,720,4000,995,2000,7938,1000,617,1000,0,0,0,0,0,0,4532,1

// Lighthalzen Biolab F4
2221,RANDEL,Randel,Randel,141,478745,0,400000,424055,1,3055,4277,40,26,142,69,86,49,132,55,10,12,1,7,66,0x3095,170,76,384,288,0,0,0,0,0,0,0,0,7345,3000,6470,300,6471,300,985,100,617,10,1435,1,2162,1,0,0,0,0,0,0
2222,FLAMEL,Flamel,Flamel,141,316468,0,400000,421445,1,1074,1503,33,20,138,79,62,53,82,48,10,12,1,7,63,0x3095,180,76,384,288,0,0,0,0,0,0,0,0,7345,3000,6470,300,6471,300,984,100,617,10,16010,10,15044,1,0,0,0,0,0,0
2223,CELIA,Celia,Celia,141,253145,0,400000,419017,1,1612,2256,24,78,108,78,55,144,139,49,10,12,1,7,68,0x3295,150,1152,384,288,0,0,0,0,0,0,0,0,7345,3000,6470,300,6471,300,985,100,1654,10,2853,10,18111,1,0,0,0,0,0,0
2224,CHEN,Chen,Chen,141,218721,2000,400000,419810,1,2501,3501,35,26,126,74,71,123,99,65,10,12,1,6,81,0x3295,180,1152,384,288,0,0,0,0,0,0,0,0,7347,2000,6470,300,6471,300,984,100,617,10,1814,10,1659,1,0,0,0,0,0,0
2225,GERTIE,Gertie,Gertie,141,266926,0,400000,420233,1,3684,5157,108,10,145,87,59,67,127,76,10,12,1,6,85,0x3195,180,76,384,288,0,0,0,0,0,0,0,0,7347,2000,6470,300,6471,300,985,100,617,10,13061,10,18109,1,0,0,0,0,0,0
2226,ALPHOCCIO,Alphoccio,Alphoccio,142,256202,0,400000,420322,1,1273,1782,24,5,121,126,67,80,165,42,10,12,1,7,64,0x3095,180,76,384,288,0,0,0,0,0,0,0,0,7347,2000,6470,300,6471,300,984,100,617,10,1930,10,2161,1,0,0,0,0,0,0
2227,TRENTINI,Trentini,Trentini,142,204962,0,15995,13248,1,1070,1498,30,2,121,126,67,80,165,42,10,12,1,7,64,0x3095,180,76,384,288,0,0,0,0,0,0,0,0,7347,2000,6470,300,6471,300,985,100,1984,10,2465,10,2892,1,0,0,0,0,0,0
2228,G_RANDEL,Paladin Randel,Paladin Randel,160,3870000,0,18000,10000,1,3055,4277,92,51,303,165,181,110,178,66,10,12,1,7,86,0x37B5,100,76,384,288,0,0,0,0,0,0,0,0,6224,100,617,10,0,0,0,0,0,0,0,0,0,0,0,0,0,0,0,0
2229,G_FLAMEL,Creator Flamel,Creator Flamel,160,2230000,0,18000,10000,1,1074,1503,63,43,275,148,156,72,177,60,10,12,1,7,83,0x37B5,100,76,384,288,0,0,0,0,0,0,0,0,6223,100,617,10,0,0,0,0,0,0,0,0,0,0,0,0,0,0,0,0
2230,G_CELIA,Professor Celia,Professor Celia,160,1847804,0,18000,10000,1,1612,2256,51,93,165,190,142,236,199,93,10,12,1,7,88,0x37B5,150,1152,384,288,0,0,0,0,0,0,0,0,6224,100,617,10,0,0,0,0,0,0,0,0,0,0,0,0,0,0,0,0
2231,G_CHEN,Champion Chen,Champion Chen,160,2249350,5000,18000,10000,1,2501,3501,56,54,172,150,164,203,155,88,10,12,1,6,81,0x37B5,125,1152,384,288,0,0,0,0,0,0,0,0,6223,100,617,10,0,0,0,0,0,0,0,0,0,0,0,0,0,0,0,0
2232,G_GERTIE,Stalker Gertie,Stalker Gertie,160,2057279,0,18000,10000,1,3684,5157,61,47,211,181,114,83,225,60,10,12,1,6,85,0x37B5,100,76,384,288,0,0,0,0,0,0,0,0,6224,100,617,10,0,0,0,0,0,0,0,0,0,0,0,0,0,0,0,0
2233,G_ALPHOCCIO,Clown Alphoccio,Clown Alphoccio,160,1894278,0,18000,10000,1,1273,1782,51,39,176,258,155,132,309,95,10,12,1,7,84,0x37B5,100,76,384,288,0,0,0,0,0,0,0,0,6223,100,617,10,0,0,0,0,0,0,0,0,0,0,0,0,0,0,0,0
2234,G_TRENTINI,Gypsy Trentini,Gypsy Trentini,160,1894278,0,18000,10000,1,1070,1498,41,52,176,258,155,132,309,95,10,12,1,7,84,0x37B5,100,76,384,288,0,0,0,0,0,0,0,0,6224,100,617,10,0,0,0,0,0,0,0,0,0,0,0,0,0,0,0,0
2235,B_RANDEL,Paladin Randel,Paladin Randel,160,6870000,0,9621500,5664000,1,3055,4277,92,51,303,165,181,110,178,66,10,12,1,7,86,0x37B5,100,76,384,288,5310750,10000,617,5500,603,2250,732,450,12623,9000,12616,9000,616,9000,6224,9000,13062,5000,2160,5000,1490,5000,0,0,0,0,0,0
2236,B_FLAMEL,Creator Flamel,Creator Flamel,160,4230000,0,9223570,5630354,1,1074,1503,63,43,275,148,156,72,177,60,10,12,1,7,83,0x37B5,100,76,384,288,5611785,10000,617,5500,603,2250,732,450,12623,9000,12616,9000,616,9000,6223,9000,1387,5000,1392,5000,1393,5000,0,0,0,0,0,0
2237,B_CELIA,Professor Celia,Professor Celia,160,3847804,0,9027308,5509792,1,1612,2256,51,93,165,190,142,236,199,93,10,12,1,7,88,0x37B5,150,1152,384,288,5513654,10000,617,5500,603,2250,732,450,12623,9000,12616,9000,616,9000,6224,9000,2854,5000,1584,5000,2582,5000,0,0,0,0,0,0
2238,B_CHEN,Champion Chen,Champion Chen,160,4249350,5000,9113568,5934974,1,2501,3501,56,54,172,150,164,203,155,88,10,12,1,6,81,0x37B5,125,1152,384,288,5556784,10000,617,5500,603,2250,732,450,12623,9000,12616,9000,616,9000,6223,9000,1285,5000,1813,5000,16017,5000,0,0,0,0,0,0
2239,B_GERTIE,Stalker Gertie,Stalker Gertie,160,4057279,0,9420698,5691274,1,3684,5157,61,47,211,181,114,83,225,60,10,12,1,6,85,0x37B5,100,76,384,288,5210349,10000,617,5500,603,2250,732,450,12623,9000,12616,9000,616,9000,6224,9000,13069,5000,13070,5000,1291,5000,0,0,0,0,0,0
2240,B_ALPHOCCIO,Clown Alphoccio,Clown Alphoccio,160,3894278,0,9226036,5468972,1,1273,1782,51,39,176,258,155,132,309,95,10,12,1,7,84,0x37B5,100,76,384,288,5113018,10000,617,5500,603,2250,732,450,12623,9000,12616,9000,616,9000,6223,9000,18103,5000,1290,5000,1913,5000,0,0,0,0,0,0
2241,B_TRENTINI,Gypsy Trentini,Gypsy Trentini,160,3894278,0,9463758,5563096,1,1070,1498,41,52,176,258,155,132,309,95,10,12,1,7,84,0x37B5,100,76,384,288,5231879,10000,0,0,0,0,0,0,12623,9000,12616,9000,616,9000,6224,9000,18103,5000,18110,5000,1963,5000,0,0,0,0,0,0
2242,MD_DESERT_WOLF,Desert Wolf,Desert Wolf,135,551578,0,0,0,1,1040,1158,41,19,93,69,63,61,82,42,10,12,1,6,20,0x37B5,200,1120,420,288,0,0,0,0,0,0,0,0,0,0,0,0,0,0,0,0,0,0,0,0,0,0,0,0,0,0,0,0
2243,MD_DESERT_WOLF_B,Desert Wolf,Desert Wolf,130,274531,0,0,0,1,66,82,13,0,10,12,8,5,17,7,10,12,0,6,20,0x37B5,300,1600,900,240,0,0,0,0,0,0,0,0,0,0,0,0,0,0,0,0,0,0,0,0,0,0,0,0,0,0,0,0
2244,QUEST_CHEN,Champion Chen,Champion Chen,160,3481505,2000,6409293,6689861,1,1700,3000,51,93,126,74,71,123,99,65,10,12,1,7,68,0x37B5,180,1152,384,288,3204693,10000,0,0,0,0,0,0,0,0,0,0,0,0,0,0,0,0,0,0,0,0,0,0,0,0,0,0


// Malaya Port
2309,BUNGISNGIS,Bungisngis,Bungisngis,121,25513,0,13960,10650,1,851,1276,35,15,100,100,30,30,100,30,10,12,2,7,42,0x3795,200,1000,792,336,0,0,0,0,0,0,0,0,7054,2000,0,0,0,100,0,0,0,0,0,0,0,0,0,0,0,0,0,0
2310,ENGKANTO,Engkanto,Engkanto,125,23948,0,11723,9547,1,675,1012,31,11,100,100,30,30,125,30,10,12,1,7,40,0x3795,200,1000,792,336,0,0,0,0,0,0,0,0,7054,1000,0,0,528,1000,0,0,0,0,0,0,0,0,0,0,0,0,0,0
2311,MANANANGGAL,Manananggal,Manananggal,107,20451,0,8415,8410,1,801,1201,24,11,100,100,30,30,200,30,10,12,1,6,47,0x3795,120,432,432,360,0,0,0,0,0,0,0,0,0,0,0,0,0,0,7006,500,913,500,0,0,0,0,0,0,0,0,0,0
2312,MANGKUKULAM,Mangkukulam,Mangkukulam,110,20151,0,9517,7351,1,582,873,29,35,100,100,30,30,100,30,10,12,1,6,47,0x3795,120,1000,792,336,0,0,0,0,0,0,0,0,7071,2000,0,0,0,0,7054,1000,0,0,0,0,0,0,0,0,0,0,0,0
2313,TIKBALANG,Tikbalang,Tikbalang,115,22131,0,11756,7351,1,781,1171,24,14,100,125,30,30,100,30,10,12,2,2,64,0x3795,150,1000,768,360,0,0,0,0,0,0,0,0,0,0,0,0,0,0,0,0,0,0,0,0,0,0,0,0,0,0,0,0
2314,TIYANAK,Tiyanak,Tiyanak,105,17146,0,7314,5101,1,457,685,26,11,100,100,30,30,100,30,10,12,0,6,47,0x3795,120,432,432,360,0,0,0,0,0,0,0,0,938,1000,0,0,0,0,0,0,0,0,0,0,0,0,0,0,0,0,0,0
2315,WAKWAK,Wakwak,Wakwak,111,20451,0,7374,6254,1,561,841,14,31,100,200,30,30,100,30,10,12,0,6,47,0x3795,120,432,432,360,0,0,0,0,0,0,0,0,0,0,0,0,0,0,0,0,0,0,0,0,0,0,0,0,0,0,0,0
2316,JEJELING,Jejeling,Jejeling,1,50,0,2,1,1,7,10,0,5,1,1,1,0,6,30,10,12,1,3,21,0x83,400,1872,672,480,0,0,0,0,0,0,0,0,909,7000,1202,100,938,400,512,1000,713,1500,5035,1,619,20,7136,600,7135,600,4001,1
2317,BANGUNGOT_1,Bangungot,Bangungot,115,1519517,0,781541,761201,1,2561,3329,71,45,200,100,30,250,200,100,10,12,1,6,47,0x37B5,200,768,768,576,100,10000,607,5500,617,2250,616,450,0,0,0,0,0,0,0,0,0,0,0,0,0,0,0,0,0,0,0,0
2318,BANGUNGOT_2,Bangungot,Bangungot,99,1519517,0,0,0,1,7,10,411,95,200,100,30,250,200,100,10,12,1,6,47,0x60,2000,1,1,1,0,0,0,0,0,0,0,0,0,0,0,0,0,0,0,0,0,0,0,0,0,0,0,0,0,0,0,0
2319,BUWAYA,Buwaya,Buwaya,151,4090365,0,3000012,2801564,1,3614,4698,51,38,200,250,30,250,150,100,10,12,2,9,81,0x37B5,100,432,432,360,100,10000,607,5500,617,2250,616,450,0,0,0,0,0,0,0,0,0,0,0,0,0,0,0,0,0,0,0,0
2320,BAKONAWA_1,Bakonawa,Bakonawa,156,3351884,0,2510111,2345151,9,4801,6241,77,0,250,200,30,200,250,100,10,12,2,9,81,0x1A4,100,432,432,360,100,10000,607,5500,617,2250,616,450,0,0,0,0,0,0,0,0,0,0,0,0,0,0,0,0,0,0,0,0
//2321,BAKONAWA_2,Bakonawa,Bakonawa,156,3351884,0,0,0,9,4182,5526,472,0,250,200,30,200,250,100,10,12,2,9,81,0x1A4,100,432,432,360,0,0,0,0,0,0,0,0,0,0,0,0,0,0,0,0,0,0,0,0,0,0,0,0,0,0,0,0
//2322,BAKONAWA_3,Bakonawa,Bakonawa,156,3351884,0,0,0,9,4182,5526,472,0,250,200,30,200,250,100,10,12,2,9,81,0x1A4,100,432,432,360,0,0,0,0,0,0,0,0,0,0,0,0,0,0,0,0,0,0,0,0,0,0,0,0,0,0,0,0
2323,EVENT_BOMB,Bomb Poring,Bomb Poring,1,50,0,0,0,1,7,10,0,5,1,1,1,1,6,30,10,12,1,3,21,0x83,400,1872,672,480,0,0,0,0,0,0,0,0,0,0,0,0,0,0,0,0,0,0,0,0,0,0,0,0,0,0,0,0
2324,EVENT_RANGE,Penomena,Penomena,1,50,0,0,0,1,7,10,0,5,1,1,1,1,6,30,10,12,1,3,21,0x83,400,1872,672,480,0,0,0,0,0,0,0,0,0,0,0,0,0,0,0,0,0,0,0,0,0,0,0,0,0,0,0,0
2325,M_BAPHOMET_,Baphomet,Baphomet,1,50,0,0,0,1,7,10,0,5,1,1,1,1,6,30,10,12,1,3,21,0x83,400,1872,672,480,0,0,0,0,0,0,0,0,0,0,0,0,0,0,0,0,0,0,0,0,0,0,0,0,0,0,0,0
2326,M_GALAPAGO,Galapago,Galapago,1,50,0,0,0,1,7,10,0,5,1,1,1,1,6,30,10,12,1,3,21,0x83,400,1872,672,480,0,0,0,0,0,0,0,0,0,0,0,0,0,0,0,0,0,0,0,0,0,0,0,0,0,0,0,0
2327,BANGUNGOT_3,Bangungot,Bangungot,115,250,0,0,0,1,80,94,45,0,10,14,25,0,29,0,10,12,1,3,43,0x30F5,200,1372,672,432,0,0,0,0,0,0,0,0,0,0,0,0,0,0,0,0,0,0,0,0,0,0,0,0,0,0,0,0
2328,MA_DRUM,Drum,Drum,1,50,0,0,0,1,7,10,0,5,1,1,1,1,6,30,10,12,1,3,21,0x83,400,1872,672,480,0,0,0,0,0,0,0,0,0,0,0,0,0,0,0,0,0,0,0,0,0,0,0,0,0,0,0,0
2329,BUWAYA_EGG,Buwaya Egg,Buwaya Egg,100,10000,0,0,0,1,7,10,90,90,1,1,50,50,1,80,10,12,0,0,60,0x0,1000,24,1,1,0,0,0,0,0,0,0,0,0,0,0,0,0,0,0,0,0,0,0,0,0,0,0,0,0,0,0,0
2330,BUWAYA_SLAVE,Buwaya Slave,Buwaya Slave,135,20145,0,0,0,1,2300,3100,35,31,100,50,70,50,100,30,10,12,0,3,22,0x3795,250,576,960,504,0,0,0,0,0,0,0,0,0,0,0,0,0,0,0,0,0,0,0,0,0,0,0,0,0,0,0,0
2331,MA_SEAW,Seaweed,Seaweed,100,10,0,0,0,1,7,10,0,5,1,1,100,100,1,30,10,12,0,3,21,0x40,2000,1,1,1,0,0,0,0,0,0,0,0,0,0,0,0,0,0,0,0,0,0,0,0,0,0,0,0,0,0,0,0
2332,BUWAYA_GHOST,Fake Buwaya,Fake Buwaya,138,30000,0,30000,30000,1,2726,3398,77,38,150,200,30,200,100,100,10,12,0,3,81,0x37B5,100,432,432,360,0,0,0,0,0,0,0,0,0,0,0,0,0,0,0,0,0,0,0,0,0,0,0,0,0,0,0,0
2333,BUWAYA_WEAK,Buwaya's Weakness,Buwaya's Weakness,138,20,0,0,0,1,7,10,100,78,1,1,1,1,6,30,10,12,0,3,81,0x60,100,432,432,360,0,0,0,0,0,0,0,0,0,0,0,0,0,0,0,0,0,0,0,0,0,0,0,0,0,0,0,0
2334,G_WAKWAK,Wakwak,Wakwak,1,50,0,0,0,1,7,10,0,5,1,1,1,1,6,30,10,12,1,3,21,0x83,400,1872,672,480,0,0,0,0,0,0,0,0,0,0,0,0,0,0,0,0,0,0,0,0,0,0,0,0,0,0,0,0
2335,MA_TREASURE,Treasure Chest,Treasure Chest,1,50,0,0,0,1,7,10,0,5,1,1,1,1,6,30,10,12,1,3,21,0x83,400,1872,672,480,0,0,0,0,0,0,0,0,0,0,0,0,0,0,0,0,0,0,0,0,0,0,0,0,0,0,0,0
//2336,DOMOVOI,Domovoi,Domovoi,1,50,0,0,0,1,7,10,0,5,1,1,1,1,6,30,10,12,1,3,21,0x83,400,1872,672,480,0,0,0,0,0,0,0,0,0,0,0,0,0,0,0,0,0,0,0,0,0,0,0,0,0,0,0,0
2337,HIDDEN_MOB,Hidden Mob,Hidden Mob,1,50,0,0,0,1,7,10,0,5,1,1,1,1,6,30,10,12,1,3,21,0x83,400,1872,672,480,0,0,0,0,0,0,0,0,0,0,0,0,0,0,0,0,0,0,0,0,0,0,0,0,0,0,0,0
2338,MD_MANANANGGAL,Bangungot Manananggal,Bangungot Manananggal,107,204511,0,0,0,1,801,1201,24,11,100,100,30,30,200,30,10,12,1,6,47,0x3795,120,432,432,360,0,0,0,0,0,0,0,0,0,0,0,0,0,0,0,0,0,0,0,0,0,0,0,0,0,0,0,0
2339,MD_MANGKUKULAM,Bangungot Mangkukulam,Bangungot Mangkukulam,110,102154,0,0,0,1,582,873,29,35,100,100,30,30,100,30,10,12,1,6,47,0x3795,120,1000,792,336,0,0,0,0,0,0,0,0,0,0,0,0,0,0,0,0,0,0,0,0,0,0,0,0,0,0,0,0